<?xml version="1.0" encoding="UTF-8"?>
<svg width="960px" height="171px" viewBox="0 0 960 171" version="1.1" xmlns="http://www.w3.org/2000/svg" xmlns:xlink="http://www.w3.org/1999/xlink">
    <!-- Generator: Sketch 51.2 (57519) - http://www.bohemiancoding.com/sketch -->
    <title>Asset 2</title>
    <desc>Created with Sketch.</desc>
    <defs></defs>
    <g id="Page-1" stroke="none" stroke-width="1" fill="none" fill-rule="evenodd">
        <g id="Asset-2" transform="translate(-1.000000, 0.000000)" fill="#FFFFFF" fill-rule="nonzero">
            <path d="M266.67,64.65 C268.832077,66.7339552 269.987851,69.6507359 269.84,72.65 L269.84,129.41 C269.946111,132.35371 268.727878,135.190138 266.52,137.14 C264.126845,139.162852 261.060756,140.212246 257.93,140.08 C255.038533,140.223174 252.207188,139.220706 250.05,137.29 C248.054016,135.350894 246.983834,132.649957 247.11,129.87 L247.11,128.32 C244.876249,132.123066 241.637708,135.237048 237.75,137.32 C233.722205,139.423336 229.233393,140.488828 224.69,140.42 C215.103333,140.42 207.963333,137.753333 203.27,132.42 C198.576667,127.086667 196.243333,119.086667 196.27,108.42 L196.27,72.69 C196.127423,69.691611 197.282365,66.7769299 199.44,64.69 C201.55,62.69 204.44,61.75 208.03,61.75 C211.62,61.75 214.47,62.75 216.53,64.69 C218.644134,66.8002529 219.766675,69.7065097 219.62,72.69 L219.62,108.88 C219.62,113.42 220.576667,116.77 222.49,118.93 C224.403333,121.09 227.313333,122.173333 231.22,122.18 C235.407994,122.326111 239.449835,120.630439 242.28,117.54 C245.106667,114.446667 246.523333,110.373333 246.53,105.32 L246.53,72.69 C246.383325,69.7065097 247.505866,66.8002529 249.62,64.69 C251.69,62.69 254.52,61.75 258.13,61.75 C261.74,61.75 264.56,62.69 266.67,64.65 Z" id="Shape"></path>
            <path d="M342.65,69.52 C347.983333,74.9333333 350.65,83.2066667 350.65,94.34 L350.65,129.29 C350.65,132.69 349.673333,135.356667 347.72,137.29 C345.72,139.2 343.02,140.15 339.52,140.15 C336.553579,140.296969 333.658338,139.211254 331.52,137.15 C329.488415,135.07007 328.403294,132.245138 328.52,129.34 L328.52,128.26 C327.016909,132.036767 324.296592,135.204018 320.79,137.26 C316.941351,139.485653 312.554731,140.609984 308.11,140.51 C303.266023,140.576859 298.472947,139.515535 294.11,137.41 C290.085142,135.475419 286.662802,132.481736 284.21,128.75 C281.800303,125.077774 280.536777,120.77204 280.58,116.38 C280.58,110.82 282,106.38 284.83,103.24 C287.66,100.1 292.23,97.72 298.52,96.24 C304.81,94.76 313.48,94 324.4,94 L328.4,94 L328.4,91.25 C328.4,86.9166667 327.443333,83.7733333 325.53,81.82 C323.616667,79.8666667 320.446667,78.8866667 316.02,78.88 C311.586667,78.88 305.196667,80.4266667 296.85,83.52 C294.99542,84.511295 292.948934,85.0911328 290.85,85.22 C288.768752,85.3046227 286.766223,84.417894 285.43,82.82 C284.032679,81.0415 283.322684,78.8192145 283.43,76.56 C283.355816,74.7572785 283.841363,72.975776 284.82,71.46 C286.009255,69.8937662 287.541876,68.621144 289.3,67.74 C293.470746,65.5890935 297.919867,64.0275261 302.52,63.1 C307.57457,61.9853607 312.734011,61.415442 317.91,61.4 C329.043333,61.4 337.29,64.1066667 342.65,69.52 Z M324.25,119.78 C327.03,116.74 328.423333,112.796667 328.43,107.95 L328.43,105.32 L325.8,105.32 C317.446667,105.32 311.596667,105.986667 308.25,107.32 C305.135178,108.339296 303.087463,111.316674 303.25,114.59 C303.159933,117.224695 304.200757,119.772166 306.11,121.59 C308.055286,123.405444 310.640576,124.376277 313.3,124.29 C317.433333,124.457076 321.433291,122.809604 324.25,119.78 Z" id="Shape"></path>
            <path d="M416.18,125.43 C417.788129,127.249741 418.554055,129.663402 418.289427,132.077425 C418.024798,134.491449 416.754166,136.681859 414.79,138.11 C412.41,139.65 409.006667,140.266667 404.58,139.96 L400.25,139.65 C382.21,138.21 373.19,128.776667 373.19,111.35 L373.19,80.73 L367,80.73 C363.6,80.73 361,79.99 359.27,78.49 C357.462733,76.8612398 356.494853,74.4985809 356.64,72.07 C356.474954,69.5944803 357.442348,67.1778338 359.27,65.5 C361.023333,64.0133333 363.6,63.2666667 367,63.26 L373.19,63.26 L373.19,51.2 C373.042149,48.2007359 374.197923,45.2839552 376.36,43.2 C378.473333,41.24 381.333333,40.26 384.94,40.26 C388.55,40.26 391.38,41.26 393.45,43.2 C395.564134,45.3102529 396.686675,48.2165097 396.54,51.2 L396.54,63.26 L407.36,63.26 C414.366667,63.26 417.873333,66.1966667 417.88,72.07 C418.025147,74.4985809 417.057267,76.8612398 415.25,78.49 C413.5,79.99 410.87,80.73 407.36,80.73 L396.54,80.73 L396.54,113.05 C396.54,116.15 397.26,118.49 398.7,120.05 C400.359081,121.755971 402.620994,122.743314 405,122.8 L409.33,123.11 C412.47,123.31 414.73,124.09 416.18,125.43 Z" id="Shape"></path>
            <path d="M480.67,63.8 C482.47,65.4 483.38,67.8 483.38,70.99 C483.38,74.39 482.553333,76.9166667 480.9,78.57 C479.246667,80.2233333 476.31,81.2533333 472.09,81.66 L467.45,82.13 C461.776667,82.7366667 457.676667,84.59 455.15,87.69 C452.623333,90.79 451.36,94.76 451.36,99.6 L451.36,129.14 C451.36,132.75 450.26,135.48 448.04,137.33 C445.711199,139.229064 442.773285,140.220211 439.77,140.12 C436.715056,140.240109 433.720112,139.2489 431.34,137.33 C429.12,135.476667 428.01,132.746667 428.01,129.14 L428.01,72.38 C427.841642,69.3627772 429.105282,66.4426937 431.42,64.5 C433.730401,62.6239282 436.634785,61.6345227 439.61,61.71 C442.434617,61.6167241 445.191963,62.5834007 447.34,64.42 C449.452453,66.3239043 450.591735,69.0802316 450.44,71.92 L450.44,76.1 C452.099196,71.89357 455.046444,68.319769 458.86,65.89 C462.560741,63.548533 466.789902,62.1731961 471.16,61.89 L473.32,61.73 C476.42,61.51 478.86,62.2 480.67,63.8 Z" id="Shape"></path>
            <path d="M502.78,135.56 C496.83662,132.451785 491.93974,127.66272 488.7,121.79 C485.4,115.856667 483.75,108.856667 483.75,100.79 C483.75,92.7233333 485.4,85.7233333 488.7,79.79 C491.943439,73.9652183 496.844032,69.2351711 502.78,66.2 C516.178278,59.7999365 531.751722,59.7999365 545.15,66.2 C551.093594,69.2627605 555.991419,74.0248246 559.22,79.88 C562.52,85.8133333 564.17,92.8133333 564.17,100.88 C564.17,108.946667 562.52,115.946667 559.22,121.88 C555.981507,127.750208 551.088631,132.538757 545.15,135.65 C531.773128,142.143849 516.156872,142.143849 502.78,135.65 L502.78,135.56 Z M541,100.84 C541,93.5066667 539.533333,88.0433333 536.6,84.45 C533.666667,80.8566667 529.466667,79.04 524,79 C512.666667,79 507,86.27 507,100.81 C507,115.35 512.666667,122.616667 524,122.61 C535.333333,122.63 541,115.373333 541,100.84 Z" id="Shape"></path>
            <path d="M580.46,136.87 C578.221505,134.499453 577.050756,131.316027 577.22,128.06 L577.22,41.46 C577.22,37.8533333 578.2,35.0666667 580.16,33.1 C582.16,31.1 584.9,30.17 588.51,30.17 L627.32,30.17 C639.18,30.17 648.406667,33.17 655,39.17 C661.593333,45.17 664.893333,53.5233333 664.9,64.23 C664.9,74.95 661.6,83.2833333 655,89.23 C648.4,95.1766667 639.173333,98.1766667 627.32,98.23 L601.32,98.23 L601.32,128.08 C601.158669,132.945105 598.183324,137.272422 593.698423,139.164758 C589.213522,141.057094 584.03764,140.169064 580.44,136.89 L580.46,136.87 Z M624.23,80 C636.29,80 642.32,74.7933333 642.32,64.38 C642.32,53.9666667 636.29,48.6966667 624.23,48.57 L601.34,48.57 L601.34,80 L624.23,80 Z" id="Shape"></path>
            <path d="M734.25,69.52 C739.583333,74.9333333 742.25,83.2066667 742.25,94.34 L742.25,129.29 C742.25,132.69 741.273333,135.356667 739.32,137.29 C737.366667,139.223333 734.633333,140.176667 731.12,140.15 C728.154329,140.292171 725.260928,139.207146 723.12,137.15 C721.087395,135.070724 720.002099,132.245335 720.12,129.34 L720.12,128.26 C718.613603,132.034765 715.894115,135.201052 712.39,137.26 C708.541351,139.485653 704.154731,140.609984 699.71,140.51 C694.866023,140.576859 690.072947,139.515535 685.71,137.41 C681.683176,135.478398 678.260111,132.48408 675.81,128.75 C673.400303,125.077774 672.136777,120.77204 672.18,116.38 C672.18,110.82 673.59,106.38 676.43,103.24 C679.27,100.1 683.83,97.72 690.12,96.24 C696.41,94.76 705.07,94 716,94 L720,94 L720,91.25 C720,86.9166667 719.043333,83.7733333 717.13,81.82 C715.23,79.82 712.05,78.88 707.62,78.88 C703.19,78.88 696.8,80.43 688.45,83.52 C686.594483,84.5089682 684.548512,85.0886599 682.45,85.22 C680.368752,85.3046227 678.366223,84.417894 677.03,82.82 C675.632679,81.0415 674.922684,78.8192145 675.03,76.56 C674.961032,74.7578715 675.446158,72.9779117 676.42,71.46 C677.615687,69.89602 679.150967,68.6240282 680.91,67.74 C685.080746,65.5890935 689.529867,64.0275261 694.13,63.1 C699.18457,61.9853607 704.344011,61.415442 709.52,61.4 C720.646667,61.4 728.89,64.1066667 734.25,69.52 Z M715.85,119.78 C718.616667,116.74 720,112.813333 720,108 L720,105.37 L717.36,105.37 C709.013333,105.37 703.163333,106.036667 699.81,107.37 C696.697351,108.392199 694.650951,111.367665 694.81,114.64 C694.719933,117.274695 695.760757,119.822166 697.67,121.64 C699.611737,123.46116 702.199486,124.432916 704.86,124.34 C709.014472,124.503443 713.031613,122.83664 715.85,119.78 Z" id="Shape"></path>
            <path d="M807.78,125.43 C809.39007,127.249759 810.156284,129.665104 809.889632,132.080212 C809.622979,134.495319 808.348288,136.685327 806.38,138.11 C804.013333,139.65 800.613333,140.266667 796.18,139.96 L791.85,139.65 C773.81,138.21 764.79,128.776667 764.79,111.35 L764.79,80.73 L758.6,80.73 C755.2,80.73 752.6,79.99 750.87,78.49 C749.062733,76.8612398 748.094853,74.4985809 748.24,72.07 C748.074954,69.5944803 749.042348,67.1778338 750.87,65.5 C752.623333,64.0133333 755.2,63.2666667 758.6,63.26 L764.79,63.26 L764.79,51.2 C764.642149,48.2007359 765.797923,45.2839552 767.96,43.2 C770.066667,41.24 772.926667,40.26 776.54,40.26 C780.153333,40.26 782.986667,41.24 785.04,43.2 C787.161028,45.3064143 788.287868,48.2143883 788.14,51.2 L788.14,63.26 L799,63.26 C806.006667,63.26 809.513333,66.1966667 809.52,72.07 C809.665147,74.4985809 808.697267,76.8612398 806.89,78.49 C805.13,79.99 802.51,80.73 799,80.73 L788.14,80.73 L788.14,113.05 C788.14,116.15 788.86,118.49 790.3,120.05 C791.974198,121.752697 794.252325,122.726471 796.64,122.76 L800.97,123.07 C804.07,123.31 806.33,124.09 807.78,125.43 Z" id="Shape"></path>
            <path d="M877.52,69.52 C882.853333,74.9333333 885.52,83.2066667 885.52,94.34 L885.52,129.29 C885.52,132.69 884.54,135.356667 882.58,137.29 C880.62,139.223333 877.89,140.176667 874.39,140.15 C871.423954,140.294565 868.529636,139.209196 866.39,137.15 C864.357395,135.070724 863.272099,132.245335 863.39,129.34 L863.39,128.26 C861.883008,132.03748 859.159338,135.204538 855.65,137.26 C851.803048,139.454804 847.427357,140.551322 843,140.43 C838.155873,140.498328 833.362463,139.43693 829,137.33 C824.971483,135.400966 821.547791,132.4061 819.1,128.67 C816.690303,124.997774 815.426777,120.69204 815.47,116.3 C815.47,110.74 816.88,106.3 819.72,103.16 C822.56,100.02 827.12,97.64 833.41,96.16 C839.7,94.68 848.34,94 859.27,94 L863.27,94 L863.27,91.25 C863.27,86.9166667 862.316667,83.7733333 860.41,81.82 C858.503333,79.8666667 855.333333,78.8866667 850.9,78.88 C846.473333,78.88 840.083333,80.4266667 831.73,83.52 C829.874599,84.5092577 827.828565,85.0889674 825.73,85.22 C823.651914,85.3030168 821.653103,84.4162982 820.32,82.82 C818.922679,81.0415 818.212684,78.8192145 818.32,76.56 C818.251032,74.7578715 818.736158,72.9779117 819.71,71.46 C820.903394,69.893817 822.439229,68.6213658 824.2,67.74 C828.370079,65.5875448 832.819421,64.0258999 837.42,63.1 C842.474483,61.9848294 847.63398,61.4149044 852.81,61.4 C863.916667,61.4 872.153333,64.1066667 877.52,69.52 Z M859.12,119.78 C861.9,116.74 863.29,112.796667 863.29,107.95 L863.29,105.32 L860.66,105.32 C852.313333,105.32 846.463333,105.986667 843.11,107.32 C839.997351,108.342199 837.950951,111.317665 838.11,114.59 C838.019933,117.224695 839.060757,119.772166 840.97,121.59 C842.911737,123.41116 845.499486,124.382916 848.16,124.29 C852.296054,124.455976 856.298637,122.808928 859.12,119.78 Z" id="Shape"></path>
            <path d="M911.36,138.88 C907.023673,137.973238 902.884928,136.296742 899.14,133.93 C897.636598,133.045106 896.407802,131.760927 895.59,130.22 C894.745699,128.597059 894.319505,126.789167 894.35,124.96 C894.281002,122.800917 894.990876,120.689042 896.35,119.01 C897.537331,117.484171 899.366675,116.597217 901.3,116.61 C902.663298,116.615758 904.015768,116.852441 905.3,117.31 C906.633333,117.77 908.023333,118.31 909.47,118.93 C912.221099,120.219971 915.074153,121.28025 918,122.1 C921.386878,122.942899 924.870574,123.332966 928.36,123.26 C931.97,123.26 934.78,122.7 936.79,121.56 C938.603607,120.724146 939.772103,118.916873 939.79,116.92 C939.845546,115.629993 939.372426,114.373156 938.48,113.44 C937.055697,112.287242 935.391834,111.467268 933.61,111.04 C931.243333,110.32 927.48,109.446667 922.32,108.42 C913.14,106.66 906.54,104.03 902.52,100.53 C898.5,97.03 896.5,92.1333333 896.52,85.84 C896.48485,81.3021979 897.986276,76.8860302 900.78,73.31 C903.839887,69.4274175 907.863419,66.4140787 912.45,64.57 C917.744107,62.3918052 923.425965,61.3132728 929.15,61.4 C933.539121,61.394314 937.90993,61.9658813 942.15,63.1 C946.129729,64.1336659 949.934365,65.7512257 953.44,67.9 C955.859384,69.4314003 957.533777,71.8991305 958.062828,74.7131509 C958.591879,77.5271714 957.928027,80.4345042 956.23,82.74 C955.052791,84.3150449 953.1963,85.2358645 951.23,85.22 C948.85,85.22 946.02,84.29 942.72,82.44 C940.475135,81.2450299 938.133506,80.2414749 935.72,79.44 C933.285213,78.7280875 930.756256,78.3908931 928.22,78.44 C925.575851,78.3046509 922.947524,78.921857 920.64,80.22 C918.890958,81.2125469 917.821586,83.0791568 917.85,85.09 C917.820603,87.2610986 919.103933,89.2354531 921.1,90.09 C923.266667,91.23 927.443333,92.3666667 933.63,93.5 C940.53,94.8333333 945.943333,96.4566667 949.87,98.37 C953.339059,99.8941882 956.291643,102.391727 958.37,105.56 C960.240969,108.915269 961.150958,112.721306 961,116.56 C961.179874,123.538089 957.786257,130.125476 952,134.03 C946,138.356667 937.933333,140.523333 927.8,140.53 C922.276451,140.576239 916.764191,140.023001 911.36,138.88 Z" id="Shape"></path>
            <path d="M86.45,7.10542736e-15 C51.8837466,2.36644574e-07 20.721297,20.8227429 7.49429889,52.758184 C-5.73269922,84.693625 1.58072866,121.452279 26.0241909,145.892881 C50.4676532,170.333483 87.2271628,177.642609 119.161056,164.411874 C151.094949,151.181139 171.914045,120.016253 171.91,85.45 C171.91,62.7855182 162.905885,41.0494608 146.878739,25.0241897 C130.851593,8.99891871 109.114482,-0.00265236767 86.45,7.10542736e-15 Z M143.53,92.45 C140.385279,98.0733352 135.460367,102.491685 129.53,105.01 C130.066869,106.924992 130.481043,108.872279 130.77,110.84 C131.069934,112.825921 131.220357,114.831557 131.22,116.84 C131.22,123.51 130.05,128.44 127.52,132.37 C125.803929,135.060793 123.382793,137.229439 120.52,138.64 C117.874215,139.942578 114.958856,140.603759 112.01,140.57 C107.55,140.57 103.35,139.25 98.95,137.86 C94.75,136.51 90.43,135.15 86.41,135.15 C82.39,135.15 78.04,136.51 73.87,137.86 C69.44,139.25 65.28,140.57 60.81,140.57 C56.34,140.57 41.6,138.85 41.6,116.84 C41.6575114,112.832625 42.2493993,108.850834 43.36,105 C37.4341568,102.474575 32.5112995,98.058069 29.36,92.44 C26.239216,87.1242745 24.8418318,80.9722904 25.36,74.83 C25.910991,67.8476835 29.8239647,61.5697666 35.85,58 C38.9681322,56.1969033 42.5080791,55.2515374 46.11,55.26 L46.2,55.26 C46.43,43.69 52.87,33.81 63.2,31.04 C64.9942633,30.5609132 66.8428855,30.3155506 68.7,30.31 C75.38,30.31 81.7,33.51 86.46,38.7 C91.24,33.51 97.53,30.31 104.21,30.31 C106.070276,30.3174576 107.921961,30.5627807 109.72,31.04 C120.04,33.81 126.46,43.69 126.72,55.26 L126.81,55.26 C127.15,55.26 127.48,55.26 127.81,55.26 C128.823388,55.2357029 129.834675,55.3637993 130.81,55.64 C133.017635,56.0802998 135.138766,56.8774126 137.09,58 C143.093116,61.5979757 146.988939,67.8737514 147.55,74.85 C148.064694,80.9913912 146.660044,87.1411001 143.53,92.45 Z" id="Shape"></path>
            <path d="M57.14,76 C53.32,69.35 46.32,66.21 41.51,69 C36.7,71.79 35.93,79.38 39.76,86 C43.59,92.62 50.62,95.79 55.42,93 C60.22,90.21 61,82.6 57.14,76 Z M81.2,55.08 C78.95,46.71 72.2,41.19 66.2,42.82 C60.2,44.45 57.05,52.55 59.31,61 C61.57,69.45 68.31,74.82 74.31,73.19 C80.31,71.56 83.43,63.44 81.2,55.08 Z M106.68,42.82 C100.68,41.19 93.96,46.71 91.68,55.08 C89.4,63.45 92.51,71.54 98.56,73.14 C104.61,74.74 111.35,69.31 113.56,60.95 C115.77,52.59 112.73,44.46 106.68,42.82 Z M135.4,79.34 C134.705727,84.190446 132.12554,88.5710138 128.22,91.53 C124.69,94.08 120.62,94.79 117.48,92.99 C112.67,90.23 111.9,82.6 115.73,75.99 C119.56,69.38 126.56,66.2 131.39,68.99 C134.6,70.8 136,74.86 135.4,79.34 Z M118.84,117.4 C118.84,127.72 115.31,129.17 109.56,127.99 C103.81,126.81 95.5,122.83 86.45,122.83 C68.56,122.83 54.06,138.28 54.06,117.4 C54.06,96.52 74.85,79.58 86.45,79.61 C91.29,79.61 97.66,82.54 103.51,87.44 C111.72,94.35 118.84,105.18 118.84,117.4 Z" id="Shape"></path>
            <path d="M148.22,130.52 L164.37,146.67 C166.614397,148.688794 167.872982,151.581716 167.82,154.6 C167.590879,157.731746 166.157189,160.652889 163.82,162.75 C161.266667,165.303333 158.57,166.613333 155.73,166.68 C152.72418,166.6915 149.856727,165.417885 147.85,163.18 L131.38,146.7" id="Shape"></path>
        </g>
    </g>
</svg>